pedestrian 1.0 1395.74 420.84 1511.31 750.11
pedestrian 1.0 432.69 447.84 635.45 998.56
pedestrian 1.0 1552.36 419.92 1611.26 607.35
pedestrian 1.0 1027.86 418.34 1081.82 583.09
pedestrian 0.999 1110.92 442.92 1154.8 560.24
pedestrian 0.997 201.56 475.87 481.54 1063.61
pedestrian 0.988 1167.62 437.79 1234.19 645.85
pedestrian 0.975 951.58 448.37 998.39 561.82
pedestrian 0.97 52.19 467.94 116.73 640.51
pedestrian 0.966 1708.76 420.39 1781.06 605.46
pedestrian 0.796 1649.52 414.12 1699.39 520.2
pedestrian 0.709 1345.07 426.86 1413.32 651.59
pedestrian 0.165 322.16 438.16 589.44 1070.53
