pedestrian 1.0 1750.97 412.65 1818.34 616.13
pedestrian 1.0 539.78 469.66 594.26 623.85
pedestrian 1.0 1872.08 410.77 1920.0 583.26
pedestrian 1.0 1800.7 407.39 1867.67 598.81
pedestrian 1.0 1036.32 434.53 1097.35 589.62
pedestrian 0.956 493.53 472.35 548.0 617.86
pedestrian 0.95 884.99 452.58 942.24 585.47
pedestrian 0.898 1507.9 425.04 1556.72 574.94
pedestrian 0.678 1780.16 405.09 1846.49 609.38
pedestrian 0.626 0.0 571.67 146.59 1052.12
pedestrian 0.614 248.5 501.43 325.31 691.82
pedestrian 0.065 122.07 471.71 187.51 677.87
