pedestrian 1.0 1753.62 418.79 1833.82 617.88
pedestrian 1.0 1717.2 408.27 1766.87 573.2
pedestrian 1.0 1017.9 416.91 1077.08 591.55
pedestrian 1.0 1230.77 429.08 1283.11 566.26
pedestrian 0.999 246.4 502.75 324.25 700.46
pedestrian 0.998 1850.84 410.99 1914.91 572.56
pedestrian 0.998 1292.5 431.9 1371.8 668.49
pedestrian 0.933 113.25 465.2 197.52 716.32
pedestrian 0.572 728.86 461.38 800.13 582.49
pedestrian 0.494 884.94 450.58 946.49 590.59
pedestrian 0.371 1383.1 403.73 1419.9 503.24
pedestrian 0.098 1837.11 412.32 1882.2 567.68
