pedestrian 1.0 1743.98 411.98 1819.62 619.33
pedestrian 1.0 1472.98 419.78 1529.77 573.65
pedestrian 1.0 1020.86 425.28 1073.13 596.12
pedestrian 1.0 397.98 491.0 475.6 639.93
pedestrian 1.0 1571.67 417.95 1623.47 558.16
pedestrian 0.998 1066.81 422.31 1112.71 578.49
pedestrian 0.974 247.4 504.14 325.87 703.34
pedestrian 0.949 870.54 452.83 931.17 587.4
pedestrian 0.928 117.69 471.58 199.09 714.44
pedestrian 0.894 1634.01 420.87 1686.13 545.5
pedestrian 0.841 1163.57 429.59 1209.28 537.92
pedestrian 0.835 1628.3 420.9 1662.44 540.69
pedestrian 0.533 1806.81 416.18 1865.37 530.94
pedestrian 0.379 725.46 459.49 782.98 605.61
pedestrian 0.137 1676.77 415.78 1739.58 553.81
pedestrian 0.13 509.72 488.97 583.01 649.05
pedestrian 0.058 1603.6 428.86 1641.56 523.95
