pedestrian 1.0 1493.38 422.16 1602.72 728.87
pedestrian 1.0 590.14 461.7 744.72 853.65
pedestrian 1.0 1117.72 436.15 1494.91 1076.82
pedestrian 1.0 1580.32 418.29 1647.53 610.18
pedestrian 1.0 1420.24 421.56 1488.39 635.67
pedestrian 1.0 1793.04 415.82 1864.41 591.57
pedestrian 0.975 941.81 446.54 986.75 567.97
pedestrian 0.932 980.62 453.22 1034.38 550.73
pedestrian 0.837 215.71 461.28 281.78 633.63
pedestrian 0.747 1112.26 443.36 1152.63 560.89
pedestrian 0.52 368.49 480.22 430.58 625.62
pedestrian 0.494 1029.21 424.19 1083.83 566.73
pedestrian 0.123 304.45 471.47 366.79 626.84
