pedestrian 1.0 703.81 453.11 833.2 796.58
pedestrian 1.0 1618.21 405.07 1715.95 708.69
pedestrian 1.0 1693.36 388.33 1913.8 1080.0
pedestrian 1.0 1043.2 423.86 1099.58 582.22
pedestrian 1.0 1577.09 423.45 1630.65 589.34
pedestrian 1.0 1490.63 422.37 1568.98 642.29
pedestrian 1.0 1389.16 435.37 1465.03 635.61
pedestrian 0.999 924.08 448.71 971.29 555.07
pedestrian 0.982 1112.94 441.54 1153.93 560.32
pedestrian 0.733 467.46 461.9 556.98 652.15
pedestrian 0.681 986.32 449.23 1044.93 554.67
pedestrian 0.203 364.76 463.64 434.32 630.91
pedestrian 0.096 1854.61 414.51 1914.77 582.89
