pedestrian 1.0 1754.11 414.96 1827.64 618.05
pedestrian 1.0 863.68 450.81 948.67 684.4
pedestrian 1.0 1633.96 421.84 1683.87 562.24
pedestrian 0.997 1053.26 415.42 1110.38 587.75
pedestrian 0.971 1674.47 411.19 1735.86 561.04
pedestrian 0.957 1715.47 415.64 1764.11 568.34
pedestrian 0.902 245.48 500.2 327.47 690.63
pedestrian 0.691 113.72 469.02 195.61 711.98
pedestrian 0.671 1861.36 389.36 1916.75 576.02
pedestrian 0.647 1104.91 434.99 1150.15 562.21
pedestrian 0.516 1004.46 455.62 1058.94 595.17
