pedestrian 1.0 1286.31 583.57 1382.66 875.2
pedestrian 1.0 806.17 571.9 887.9 802.04
pedestrian 1.0 1465.89 609.07 1579.35 958.17
pedestrian 1.0 1059.71 582.07 1120.6 755.29
pedestrian 1.0 539.4 561.9 589.95 700.26
pedestrian 0.988 477.51 566.99 532.53 705.55
pedestrian 0.986 695.38 591.37 773.28 796.98
pedestrian 0.981 757.4 574.02 821.75 795.98
pedestrian 0.973 433.21 574.49 485.28 697.08
pedestrian 0.905 1232.72 582.03 1289.27 752.44
pedestrian 0.577 1371.25 578.17 1451.18 854.17
pedestrian 0.133 1181.82 585.13 1234.02 718.22
