pedestrian 1.0 1546.72 623.26 1704.88 1062.26
pedestrian 1.0 979.63 601.97 1078.48 880.67
pedestrian 1.0 1397.24 605.25 1546.23 1056.82
pedestrian 1.0 1077.62 564.91 1223.42 966.99
pedestrian 1.0 1676.88 587.97 1852.38 1073.7
pedestrian 1.0 872.43 583.99 940.63 791.51
pedestrian 1.0 295.03 546.44 346.6 692.97
pedestrian 1.0 259.01 559.4 302.09 707.23
pedestrian 1.0 1257.19 632.26 1399.12 1030.6
pedestrian 0.999 745.13 556.49 797.25 703.84
pedestrian 0.998 1806.57 594.2 1873.39 824.75
pedestrian 0.59 1184.04 600.81 1252.09 818.04
pedestrian 0.448 1322.98 616.58 1794.14 1025.21
pedestrian 0.064 967.55 573.96 1039.01 768.38
