pedestrian 1.0 1789.8 624.75 1899.79 975.36
pedestrian 1.0 1079.49 610.12 1222.28 974.97
pedestrian 1.0 852.9 589.92 925.45 808.85
pedestrian 1.0 774.28 589.92 843.13 800.21
pedestrian 1.0 904.24 607.77 978.01 857.95
pedestrian 1.0 545.19 555.5 597.04 705.78
pedestrian 0.999 359.62 547.35 403.89 688.4
pedestrian 0.998 456.32 567.95 498.31 689.47
pedestrian 0.986 879.35 594.32 951.46 830.73
pedestrian 0.773 474.94 562.44 521.13 695.58
pedestrian 0.149 253.68 556.6 304.7 704.3
pedestrian 0.092 1782.73 536.48 1836.19 685.28
