pedestrian 1.0 1326.48 603.76 1451.03 965.78
pedestrian 1.0 847.63 560.71 939.43 823.21
pedestrian 1.0 1073.76 593.09 1153.12 851.81
pedestrian 1.0 1568.76 585.56 1742.34 1050.15
pedestrian 1.0 1425.53 618.46 1527.28 957.25
pedestrian 1.0 1818.6 578.29 1886.09 820.49
pedestrian 1.0 970.59 588.86 1076.04 894.88
pedestrian 1.0 1176.39 617.06 1314.81 974.32
pedestrian 0.999 654.96 554.34 706.19 673.93
pedestrian 0.997 935.94 584.56 998.51 813.7
pedestrian 0.946 786.28 577.55 843.76 755.9
pedestrian 0.136 1181.56 589.23 1229.57 706.92
pedestrian 0.083 748.64 576.53 1220.06 852.75
pedestrian 0.079 893.63 569.54 982.96 819.42
pedestrian 0.077 952.22 602.63 1402.36 918.96
