pedestrian 1.0 957.21 606.85 1045.38 896.47
pedestrian 1.0 1134.42 585.33 1284.52 1001.85
pedestrian 1.0 1534.09 582.71 1698.06 1074.65
pedestrian 1.0 1279.97 606.23 1376.98 873.1
pedestrian 1.0 1675.54 591.43 1825.59 1071.64
pedestrian 1.0 837.8 565.99 917.7 772.19
pedestrian 1.0 916.97 585.29 987.65 801.45
pedestrian 0.999 352.34 559.51 408.45 708.18
pedestrian 0.979 786.29 555.77 836.34 702.11
pedestrian 0.919 331.12 567.79 367.75 704.91
pedestrian 0.43 1586.97 586.6 1781.71 1080.0
pedestrian 0.166 275.32 570.14 340.62 713.13
pedestrian 0.136 1227.4 580.09 1297.04 856.46
pedestrian 0.091 1381.29 615.21 1523.64 1030.24
