pedestrian 1.0 1294.88 413.06 1394.2 671.73
pedestrian 1.0 671.31 374.57 760.13 655.44
pedestrian 1.0 1512.15 399.83 1804.4 1080.0
pedestrian 1.0 256.53 300.46 359.26 600.81
pedestrian 1.0 1095.67 415.33 1161.11 580.76
pedestrian 1.0 364.59 366.23 426.2 545.96
pedestrian 1.0 521.16 411.47 570.2 547.38
pedestrian 0.961 179.01 311.03 260.43 591.78
pedestrian 0.923 77.55 292.41 185.79 614.66
pedestrian 0.635 882.72 419.88 923.33 522.85
pedestrian 0.414 564.44 415.38 606.27 536.65
pedestrian 0.386 1172.81 400.92 1217.88 516.88
