pedestrian 1.0 1379.17 416.26 1475.04 667.15
pedestrian 1.0 303.8 330.68 395.36 575.19
pedestrian 1.0 37.74 307.22 140.34 619.44
pedestrian 1.0 1299.83 400.62 1372.68 630.09
pedestrian 1.0 1588.31 408.46 1656.25 620.58
pedestrian 1.0 1646.77 398.25 1729.91 627.68
pedestrian 1.0 892.19 417.18 939.34 549.55
pedestrian 1.0 1443.26 418.4 1511.75 632.17
pedestrian 1.0 580.43 413.33 628.52 543.47
pedestrian 1.0 622.47 415.09 669.28 543.74
pedestrian 0.999 674.1 411.06 716.07 533.25
pedestrian 0.965 848.55 418.06 886.38 521.93
pedestrian 0.945 1733.75 421.24 1786.67 556.36
