pedestrian 1.0 1190.47 426.94 1302.33 725.33
pedestrian 1.0 406.35 366.45 563.92 774.89
pedestrian 1.0 712.77 406.6 922.81 872.21
pedestrian 1.0 1491.56 403.88 1560.32 624.63
pedestrian 1.0 839.19 418.14 934.68 667.97
pedestrian 1.0 3.47 292.86 111.29 631.57
pedestrian 1.0 620.91 421.27 667.64 558.51
pedestrian 1.0 147.54 281.29 355.07 700.03
pedestrian 0.999 907.65 417.77 960.56 561.72
pedestrian 0.872 549.99 413.33 609.34 560.94
pedestrian 0.095 778.9 424.55 942.8 787.68
pedestrian 0.092 379.06 369.8 443.73 528.66
pedestrian 0.08 888.39 424.97 952.33 603.06
