pedestrian 1.0 1268.26 404.63 1414.35 872.64
pedestrian 1.0 478.31 393.86 638.63 776.94
pedestrian 1.0 172.47 319.21 293.27 696.99
pedestrian 1.0 748.4 441.36 864.25 768.1
pedestrian 1.0 979.46 411.8 1137.27 854.65
pedestrian 1.0 15.14 314.05 191.15 718.92
pedestrian 1.0 327.53 329.55 415.17 571.72
pedestrian 1.0 672.63 417.16 726.21 565.84
pedestrian 1.0 240.93 334.05 325.33 590.66
pedestrian 1.0 1580.45 434.29 1641.05 591.5
pedestrian 0.629 67.41 315.28 271.96 720.8
pedestrian 0.109 1535.68 424.63 1594.36 566.92
