pedestrian 1.0 964.43 374.46 1116.1 767.45
pedestrian 1.0 693.67 390.64 852.48 774.97
pedestrian 1.0 621.32 395.73 711.85 725.7
pedestrian 1.0 1503.46 405.33 1570.94 624.06
pedestrian 1.0 570.19 418.97 624.84 549.93
pedestrian 1.0 237.49 318.01 319.3 548.15
pedestrian 0.999 57.49 278.96 164.37 645.34
pedestrian 0.994 874.88 417.9 915.24 527.24
pedestrian 0.991 335.44 318.11 425.85 559.62
pedestrian 0.987 487.4 411.58 537.38 545.71
pedestrian 0.969 1089.77 416.41 1134.37 552.12
pedestrian 0.207 167.49 303.35 264.2 625.43
