pedestrian 1.0 755.42 381.31 897.64 779.22
pedestrian 1.0 976.33 425.06 1089.53 765.2
pedestrian 1.0 1081.4 394.5 1198.34 740.61
pedestrian 1.0 1582.35 419.24 1689.75 655.21
pedestrian 1.0 632.09 412.44 744.78 730.17
pedestrian 1.0 91.99 364.89 297.21 894.12
pedestrian 1.0 93.02 282.79 179.51 517.76
pedestrian 1.0 1807.05 408.27 1881.88 602.01
pedestrian 0.999 1179.19 426.68 1271.75 714.74
pedestrian 0.903 1512.03 422.8 1558.24 544.7
pedestrian 0.6 1445.4 414.0 1495.07 530.79
pedestrian 0.594 1375.23 425.79 1423.78 533.79
pedestrian 0.334 918.1 412.14 1314.91 741.95
pedestrian 0.232 1041.32 407.24 1153.48 758.82
