pedestrian 1.0 102.76 286.09 215.35 591.28
pedestrian 1.0 862.7 380.66 1008.74 772.47
pedestrian 1.0 685.15 398.48 776.6 738.03
pedestrian 1.0 228.19 298.49 319.4 609.82
pedestrian 1.0 746.81 405.14 868.39 750.3
pedestrian 1.0 1322.46 407.17 1376.06 567.22
pedestrian 0.999 610.15 412.25 658.49 551.22
pedestrian 0.998 1138.8 369.77 1244.83 784.31
pedestrian 0.977 302.82 320.65 383.55 581.44
pedestrian 0.972 556.14 421.89 601.38 549.56
pedestrian 0.748 714.59 398.08 818.1 750.14
pedestrian 0.174 262.16 313.76 358.19 599.92
