pedestrian 1.0 63.27 283.78 171.66 638.57
pedestrian 1.0 1182.22 381.44 1322.39 794.98
pedestrian 1.0 906.24 395.0 1076.2 772.56
pedestrian 1.0 313.0 348.01 395.23 649.85
pedestrian 1.0 1839.91 425.17 1920.0 759.21
pedestrian 1.0 809.19 404.93 909.78 734.91
pedestrian 1.0 1074.22 406.11 1124.49 561.44
pedestrian 1.0 519.89 380.92 609.69 656.45
pedestrian 0.989 606.47 414.23 670.77 534.71
pedestrian 0.984 673.72 414.95 715.28 523.94
pedestrian 0.388 803.95 413.59 839.92 531.76
pedestrian 0.211 473.91 408.71 522.04 529.99
pedestrian 0.193 661.38 415.61 689.83 532.04
pedestrian 0.08 637.09 415.16 678.13 534.4
