pedestrian 1.0 121.22 285.86 239.79 630.56
pedestrian 1.0 738.08 432.86 858.58 761.54
pedestrian 1.0 1102.45 427.53 1275.89 899.39
pedestrian 1.0 13.48 300.68 121.46 632.99
pedestrian 1.0 1268.99 419.27 1408.53 867.16
pedestrian 1.0 162.1 280.12 278.0 641.35
pedestrian 1.0 555.3 420.2 603.78 541.12
pedestrian 0.999 706.5 410.37 746.86 524.98
pedestrian 0.996 200.03 283.48 318.24 642.69
pedestrian 0.996 1570.95 425.36 1622.78 583.91
pedestrian 0.99 1235.7 413.91 1311.58 566.35
pedestrian 0.983 1376.74 422.75 1432.79 563.16
pedestrian 0.438 896.26 411.27 940.91 504.19
