pedestrian 1.0 872.27 420.76 958.41 652.94
pedestrian 1.0 1241.77 432.07 1335.12 694.12
pedestrian 1.0 767.19 386.51 856.52 648.27
pedestrian 1.0 1490.95 404.33 1560.66 623.92
pedestrian 1.0 25.68 288.97 150.45 647.16
pedestrian 1.0 699.43 409.76 745.14 546.98
pedestrian 1.0 626.41 421.42 669.88 549.19
pedestrian 1.0 522.81 368.76 638.22 774.88
pedestrian 0.994 237.53 303.96 339.77 599.16
pedestrian 0.992 114.55 304.85 187.94 614.49
pedestrian 0.475 465.51 382.26 519.59 537.46
pedestrian 0.346 275.73 358.75 503.22 850.37
