pedestrian 1.0 363.02 352.34 503.44 737.46
pedestrian 1.0 676.73 388.65 778.81 684.99
pedestrian 1.0 1365.36 421.02 1445.28 624.58
pedestrian 1.0 228.7 327.54 322.17 583.84
pedestrian 1.0 106.1 288.61 221.81 635.02
pedestrian 1.0 35.53 298.68 131.98 613.73
pedestrian 1.0 917.77 389.37 1092.92 773.92
pedestrian 1.0 1184.83 372.44 1316.38 795.78
pedestrian 1.0 813.07 401.82 907.42 730.01
pedestrian 1.0 1559.33 413.36 1621.25 540.49
pedestrian 0.75 606.71 417.27 650.12 525.56
pedestrian 0.132 20.72 308.89 344.24 635.38
