pedestrian 1.0 1576.19 418.6 1690.32 714.82
pedestrian 1.0 898.0 421.29 1017.16 757.93
pedestrian 1.0 610.28 416.29 724.49 732.27
pedestrian 1.0 67.07 270.14 191.9 680.67
pedestrian 1.0 767.42 385.06 903.18 799.83
pedestrian 1.0 198.79 263.23 313.13 643.47
pedestrian 1.0 1178.17 428.0 1270.63 707.41
pedestrian 1.0 363.63 363.93 445.59 550.72
pedestrian 1.0 719.58 406.74 802.56 700.05
pedestrian 1.0 1075.72 424.82 1166.63 689.76
pedestrian 0.421 629.13 405.53 1116.7 745.57
pedestrian 0.347 1871.71 406.73 1917.82 567.31
pedestrian 0.19 1800.68 407.36 1871.79 559.73
pedestrian 0.151 284.84 318.39 370.11 582.14
pedestrian 0.075 518.97 400.78 574.14 550.98
