pedestrian 1.0 1358.81 427.12 1467.81 730.42
pedestrian 1.0 610.4 442.66 747.76 828.07
pedestrian 1.0 722.54 413.04 888.9 989.02
pedestrian 1.0 872.32 415.94 936.21 601.7
pedestrian 1.0 1454.97 426.54 1531.4 637.21
pedestrian 1.0 1508.62 421.18 1594.33 696.47
pedestrian 1.0 425.52 440.64 660.7 1073.71
pedestrian 0.983 1817.58 400.2 1877.9 544.16
pedestrian 0.98 1675.33 418.8 1750.46 560.54
pedestrian 0.976 925.33 418.33 970.17 556.43
pedestrian 0.582 1578.24 419.36 1633.28 536.34
pedestrian 0.556 382.05 367.85 483.36 731.67
pedestrian 0.433 1182.18 429.66 1228.05 558.46
pedestrian 0.068 401.92 474.55 862.93 864.49
