pedestrian 1.0 739.91 398.26 861.62 691.23
pedestrian 1.0 1106.05 426.39 1198.84 703.51
pedestrian 1.0 1043.98 419.42 1128.26 698.88
pedestrian 1.0 320.61 396.14 628.39 1077.73
pedestrian 1.0 721.71 554.96 1170.8 1080.0
pedestrian 1.0 1830.29 407.11 1889.03 567.69
pedestrian 0.989 1376.77 559.85 1671.83 1080.0
pedestrian 0.987 1198.44 401.66 1247.3 568.57
pedestrian 0.982 1164.68 317.2 1415.03 1066.55
pedestrian 0.932 1765.28 410.52 1831.27 552.23
pedestrian 0.184 900.93 487.36 1326.07 1051.1
pedestrian 0.173 1242.48 398.59 1533.15 1057.61
