pedestrian 1.0 1348.66 414.78 1442.36 675.09
pedestrian 1.0 117.73 337.41 409.32 1080.0
pedestrian 1.0 1244.38 399.34 1318.5 647.17
pedestrian 1.0 1295.37 417.71 1366.48 656.69
pedestrian 1.0 102.18 311.92 198.44 606.88
pedestrian 1.0 997.4 415.45 1057.17 565.78
pedestrian 1.0 1416.95 411.13 1488.05 655.23
pedestrian 1.0 616.47 412.53 664.0 552.65
pedestrian 0.999 724.39 409.79 772.71 539.96
pedestrian 0.998 877.45 419.33 916.46 522.94
pedestrian 0.971 1267.96 401.32 1345.62 657.29
pedestrian 0.961 660.87 408.2 710.28 546.88
pedestrian 0.924 825.3 413.41 866.36 520.58
pedestrian 0.583 558.45 419.28 607.36 546.56
pedestrian 0.262 1540.66 388.46 1632.24 669.12
pedestrian 0.081 3.67 323.32 75.27 563.83
