pedestrian 1.0 229.07 312.63 322.19 572.46
pedestrian 1.0 863.29 370.96 1009.68 778.8
pedestrian 1.0 385.64 334.23 472.81 606.13
pedestrian 1.0 679.81 396.23 772.83 734.72
pedestrian 1.0 311.86 320.39 396.12 570.43
pedestrian 1.0 1319.81 406.97 1374.64 571.22
pedestrian 0.999 596.67 421.71 647.14 542.94
pedestrian 0.998 648.36 408.64 690.16 539.37
pedestrian 0.846 516.11 412.69 561.45 541.95
pedestrian 0.818 772.88 416.13 899.44 760.45
pedestrian 0.791 1133.45 367.32 1244.2 788.66
pedestrian 0.48 738.16 412.95 798.76 576.46
pedestrian 0.361 821.99 383.51 958.1 773.18
pedestrian 0.174 596.39 417.5 702.38 537.51
pedestrian 0.085 625.29 419.05 654.82 533.8
