pedestrian 1.0 318.15 306.27 430.35 617.26
pedestrian 1.0 155.61 310.06 246.2 582.99
pedestrian 1.0 668.81 381.93 780.53 669.56
pedestrian 1.0 56.73 246.37 169.37 613.78
pedestrian 1.0 455.49 331.74 548.17 630.78
pedestrian 1.0 231.29 298.91 320.19 583.54
pedestrian 1.0 1822.32 404.05 1900.02 597.82
pedestrian 1.0 562.75 397.75 638.33 690.32
pedestrian 0.844 20.49 296.14 501.05 599.64
pedestrian 0.497 391.98 346.74 452.32 510.33
pedestrian 0.156 97.59 266.47 201.02 607.26
pedestrian 0.052 511.94 369.42 568.7 633.51
pedestrian 0.052 124.32 325.98 716.74 615.64
