pedestrian 1.0 1281.65 438.54 1414.46 828.24
pedestrian 1.0 649.45 388.43 791.74 798.21
pedestrian 1.0 1053.69 393.87 1210.3 873.92
pedestrian 1.0 1410.51 384.45 1675.4 1061.13
pedestrian 1.0 1683.88 391.35 1831.92 862.35
pedestrian 1.0 1385.82 438.96 1466.59 743.16
pedestrian 1.0 1800.31 413.81 1860.19 553.65
pedestrian 0.999 550.91 427.52 598.66 547.17
pedestrian 0.999 487.11 408.13 538.4 541.15
pedestrian 0.998 1186.2 422.61 1270.49 710.97
pedestrian 0.998 1722.86 405.12 1884.15 975.35
pedestrian 0.422 1609.26 410.65 1656.92 581.68
pedestrian 0.365 1629.88 413.71 1686.28 548.5
pedestrian 0.079 1113.54 415.45 1211.12 722.1
pedestrian 0.055 1253.26 453.26 1736.58 862.74
