pedestrian 1.0 1728.18 442.82 1920.0 1029.34
pedestrian 1.0 1618.24 399.01 1753.48 852.39
pedestrian 1.0 1216.89 437.35 1337.28 822.05
pedestrian 1.0 488.25 381.19 667.67 802.26
pedestrian 1.0 1329.31 395.16 1557.65 1048.71
pedestrian 1.0 1028.99 383.06 1189.79 849.13
pedestrian 1.0 446.9 393.79 501.54 528.77
pedestrian 0.996 1530.57 420.2 1587.28 555.88
pedestrian 0.994 1745.09 415.23 1800.85 554.0
pedestrian 0.993 1604.37 411.01 1661.76 567.94
pedestrian 0.473 949.92 409.54 992.19 503.92
pedestrian 0.247 1306.32 432.43 1400.28 706.36
