pedestrian 1.0 458.6 411.66 695.09 903.91
pedestrian 1.0 1220.18 419.99 1313.83 678.29
pedestrian 1.0 1311.75 416.59 1408.01 678.94
pedestrian 1.0 1462.48 398.75 1568.72 697.55
pedestrian 1.0 699.0 415.45 754.07 582.03
pedestrian 1.0 1096.86 394.83 1196.7 672.39
pedestrian 1.0 769.03 411.66 820.14 559.93
pedestrian 0.995 661.26 424.36 702.83 540.19
pedestrian 0.979 878.6 421.64 915.71 525.76
pedestrian 0.38 634.86 417.15 856.5 561.51
pedestrian 0.165 591.25 423.03 644.02 543.88
pedestrian 0.12 331.16 413.78 373.44 527.68
pedestrian 0.085 806.5 418.25 841.54 527.12
