pedestrian 1.0 842.93 367.16 1002.68 781.33
pedestrian 1.0 1142.17 382.31 1263.25 781.8
pedestrian 1.0 1382.31 406.59 1447.18 595.75
pedestrian 1.0 567.88 404.09 680.78 710.53
pedestrian 1.0 155.47 301.26 246.76 622.99
pedestrian 1.0 715.75 395.57 836.1 762.96
pedestrian 1.0 274.71 327.1 356.56 579.47
pedestrian 1.0 347.97 349.17 457.09 634.3
pedestrian 0.999 654.44 401.61 739.07 727.16
pedestrian 0.998 21.75 283.7 137.74 646.87
pedestrian 0.998 528.54 400.03 591.96 557.02
pedestrian 0.056 522.31 404.0 1059.83 752.76
