pedestrian 1.0 870.22 419.16 994.32 784.05
pedestrian 1.0 1364.78 442.53 1551.54 946.51
pedestrian 1.0 1134.75 417.76 1332.58 889.5
pedestrian 1.0 688.38 443.18 798.32 759.09
pedestrian 1.0 1521.77 413.69 1597.56 688.95
pedestrian 1.0 428.41 357.05 522.5 636.75
pedestrian 1.0 606.05 423.36 658.0 567.69
pedestrian 1.0 560.69 419.78 607.66 544.03
pedestrian 0.488 1650.86 440.61 1702.57 578.55
pedestrian 0.102 1312.33 433.7 1420.04 874.68
pedestrian 0.083 1325.65 414.8 1412.28 618.24
pedestrian 0.067 1282.17 444.16 1341.89 585.68
