pedestrian 1.0 780.96 400.22 912.01 741.72
pedestrian 1.0 1185.92 373.19 1316.66 794.84
pedestrian 1.0 10.39 290.8 178.2 657.72
pedestrian 1.0 889.37 395.44 1100.71 773.67
pedestrian 1.0 1294.79 420.47 1354.52 607.46
pedestrian 1.0 319.29 336.52 400.75 564.09
pedestrian 1.0 1371.71 409.33 1427.8 564.55
pedestrian 0.991 91.05 286.46 277.83 674.36
pedestrian 0.952 226.75 301.67 331.91 631.27
pedestrian 0.938 544.72 386.22 642.95 690.16
pedestrian 0.9 455.3 342.91 556.48 653.2
pedestrian 0.446 83.25 302.4 174.48 619.87
