pedestrian 1.0 1032.72 421.22 1156.48 744.96
pedestrian 1.0 1485.27 403.57 1558.58 624.44
pedestrian 1.0 767.7 405.24 868.64 682.51
pedestrian 1.0 694.29 379.11 794.43 672.51
pedestrian 1.0 163.78 290.33 299.37 649.18
pedestrian 1.0 1092.21 419.95 1283.86 850.51
pedestrian 1.0 928.29 414.46 983.76 556.2
pedestrian 1.0 594.21 421.75 646.16 563.32
pedestrian 1.0 284.75 316.85 402.64 722.71
pedestrian 1.0 527.51 405.27 579.74 554.41
pedestrian 1.0 385.92 349.39 444.09 541.22
pedestrian 0.999 5.02 263.54 205.47 659.25
pedestrian 0.989 871.05 415.4 913.35 519.15
pedestrian 0.97 452.46 384.83 520.34 545.4
pedestrian 0.193 34.76 313.94 523.63 635.4
pedestrian 0.125 11.09 265.78 117.54 609.94
