pedestrian 1.0 560.15 418.18 695.4 770.78
pedestrian 1.0 1495.72 399.52 1560.83 623.84
pedestrian 1.0 5.38 237.56 145.58 671.49
pedestrian 1.0 312.16 334.42 395.59 571.65
pedestrian 1.0 806.28 404.73 867.81 581.16
pedestrian 1.0 272.18 337.39 346.68 570.62
pedestrian 1.0 85.96 279.49 204.84 637.42
pedestrian 1.0 944.86 416.15 1006.15 542.12
pedestrian 0.988 454.55 334.99 600.73 720.27
pedestrian 0.671 1848.82 411.58 1920.0 790.35
pedestrian 0.635 417.26 365.6 479.5 561.01
pedestrian 0.35 880.63 416.21 922.9 523.91
pedestrian 0.05 20.31 274.87 288.96 644.6
