pedestrian 1.0 954.47 426.74 1093.23 777.27
pedestrian 1.0 1746.63 414.76 1875.79 657.42
pedestrian 1.0 406.5 414.37 647.38 931.66
pedestrian 1.0 78.22 275.34 203.78 681.26
pedestrian 1.0 747.59 389.86 889.58 775.41
pedestrian 1.0 1083.25 395.59 1208.35 757.73
pedestrian 1.0 632.65 419.05 723.86 724.23
pedestrian 1.0 1181.2 428.65 1271.48 717.83
pedestrian 1.0 288.83 328.71 422.88 695.83
pedestrian 0.983 693.27 418.65 775.18 745.46
pedestrian 0.595 931.21 419.96 1313.18 749.48
pedestrian 0.071 1502.96 421.21 1554.27 553.09
