pedestrian 1.0 78.03 273.99 206.8 680.89
pedestrian 1.0 689.84 416.37 798.54 727.6
pedestrian 1.0 819.8 398.21 939.9 778.9
pedestrian 1.0 374.68 352.89 499.08 733.19
pedestrian 1.0 982.84 410.1 1155.6 890.55
pedestrian 1.0 1161.02 395.2 1303.47 788.12
pedestrian 1.0 911.94 423.14 987.69 737.54
pedestrian 1.0 1723.91 416.8 1770.17 545.58
pedestrian 0.999 1536.38 420.43 1588.85 533.9
pedestrian 0.997 1679.23 413.55 1731.41 546.9
pedestrian 0.257 1376.84 426.17 1424.95 516.9
pedestrian 0.076 1444.76 411.47 1488.95 522.05
