pedestrian 1.0 1044.48 421.1 1138.76 702.26
pedestrian 1.0 318.51 315.93 430.54 683.48
pedestrian 1.0 1510.31 409.69 1554.32 523.74
pedestrian 1.0 531.93 374.6 775.39 1006.13
pedestrian 0.999 1100.5 420.45 1199.86 711.66
pedestrian 0.999 836.73 419.87 883.17 565.51
pedestrian 0.989 389.74 297.69 606.45 959.37
pedestrian 0.984 1439.74 428.98 1488.5 545.26
pedestrian 0.968 1547.25 425.3 1595.44 545.66
pedestrian 0.389 339.36 317.92 487.32 871.4
pedestrian 0.276 342.23 342.86 760.98 1064.21
pedestrian 0.135 1786.36 412.32 1843.35 549.54
pedestrian 0.1 813.6 419.87 857.34 563.84
