pedestrian 1.0 967.95 403.9 1105.89 834.81
pedestrian 1.0 543.91 387.69 652.3 673.69
pedestrian 1.0 1245.03 413.46 1332.74 674.39
pedestrian 1.0 697.92 403.54 798.97 669.27
pedestrian 0.995 466.39 333.85 560.38 631.29
pedestrian 0.994 625.0 385.99 722.95 642.17
pedestrian 0.993 373.6 348.79 430.59 545.71
pedestrian 0.989 432.04 366.09 508.26 625.44
pedestrian 0.285 407.2 377.8 837.0 668.85
pedestrian 0.275 578.17 382.24 686.49 664.42
pedestrian 0.252 484.66 369.7 598.23 664.22
pedestrian 0.225 665.36 404.62 727.95 631.41
pedestrian 0.145 1776.51 397.37 1831.07 527.27
pedestrian 0.117 1818.51 418.21 1879.27 601.39
