pedestrian 1.0 619.6 394.77 709.04 727.89
pedestrian 1.0 1505.27 404.78 1571.87 623.62
pedestrian 1.0 1030.47 377.45 1147.54 768.26
pedestrian 1.0 792.68 384.01 945.69 788.27
pedestrian 1.0 698.51 394.77 822.71 764.14
pedestrian 0.993 557.3 425.68 607.47 545.11
pedestrian 0.992 136.31 285.46 234.43 613.41
pedestrian 0.973 373.47 336.0 444.27 545.72
pedestrian 0.973 293.14 318.88 368.28 580.31
pedestrian 0.186 544.2 401.16 1014.92 752.99
pedestrian 0.127 492.61 415.76 545.43 543.04
pedestrian 0.084 3.51 300.59 65.48 653.31
