pedestrian 1.0 269.49 334.04 361.26 579.39
pedestrian 1.0 1486.28 409.56 1565.96 635.4
pedestrian 1.0 167.2 302.46 263.05 592.72
pedestrian 1.0 1429.62 400.6 1496.23 616.73
pedestrian 1.0 1684.01 416.66 1747.35 593.04
pedestrian 1.0 0.0 299.22 182.85 1029.03
pedestrian 1.0 729.14 414.4 779.56 549.05
pedestrian 0.999 372.63 354.83 455.54 547.68
pedestrian 0.962 820.32 413.36 855.8 511.19
pedestrian 0.95 539.38 412.55 583.19 534.83
pedestrian 0.306 1772.23 407.48 1843.31 605.35
pedestrian 0.144 882.07 414.87 920.65 501.2
pedestrian 0.075 865.23 415.27 896.31 498.19
pedestrian 0.056 875.4 413.3 905.67 496.45
