pedestrian 1.0 683.18 363.64 843.31 778.1
pedestrian 1.0 208.99 304.29 298.96 578.49
pedestrian 1.0 1491.21 403.79 1560.46 624.36
pedestrian 1.0 391.83 356.13 500.78 721.32
pedestrian 1.0 837.41 404.2 909.04 614.9
pedestrian 1.0 105.2 311.15 196.55 597.22
pedestrian 1.0 912.14 414.48 976.76 617.22
pedestrian 1.0 1221.08 426.5 1291.66 620.35
pedestrian 1.0 290.27 321.17 379.99 581.47
pedestrian 0.999 627.63 414.77 678.31 558.73
pedestrian 0.904 467.54 359.92 561.65 684.08
pedestrian 0.119 596.13 419.11 629.51 539.4
