pedestrian 1.0 186.17 311.19 298.0 599.34
pedestrian 1.0 696.51 418.56 885.04 994.49
pedestrian 1.0 834.96 430.4 977.21 951.29
pedestrian 1.0 375.48 392.33 534.78 766.36
pedestrian 1.0 1680.15 418.98 1735.5 547.7
pedestrian 0.998 611.48 408.3 741.23 839.85
pedestrian 0.987 1622.6 401.39 1675.53 527.73
pedestrian 0.502 414.8 362.44 476.94 564.08
pedestrian 0.152 1876.29 406.18 1917.25 547.82
pedestrian 0.115 1102.65 428.26 1144.55 550.28
pedestrian 0.07 1571.19 413.2 1630.35 529.28
pedestrian 0.055 363.94 372.01 435.06 552.72
