pedestrian 1.0 665.76 372.28 796.36 778.21
pedestrian 1.0 140.82 304.56 250.07 593.87
pedestrian 1.0 1509.69 404.66 1572.92 619.99
pedestrian 1.0 818.47 377.5 926.51 757.06
pedestrian 1.0 463.04 367.51 571.97 699.23
pedestrian 1.0 242.54 288.43 342.04 598.5
pedestrian 1.0 1005.84 414.28 1054.47 555.06
pedestrian 0.983 588.9 411.23 626.26 524.37
pedestrian 0.964 416.74 379.72 526.89 711.88
pedestrian 0.964 366.7 354.06 429.38 522.84
pedestrian 0.959 6.38 297.43 91.53 667.38
pedestrian 0.806 201.77 295.08 303.82 597.4
pedestrian 0.248 633.75 418.84 681.29 535.31
