pedestrian 1.0 1241.4 430.18 1376.46 737.82
pedestrian 1.0 573.37 381.11 682.38 673.06
pedestrian 1.0 896.48 381.88 1015.06 717.83
pedestrian 1.0 306.63 330.53 400.66 600.51
pedestrian 1.0 673.89 372.54 793.44 699.16
pedestrian 1.0 762.16 412.03 832.19 593.48
pedestrian 1.0 1080.69 433.81 1146.53 550.68
pedestrian 0.999 825.87 407.16 887.6 585.23
pedestrian 0.227 666.48 403.05 899.21 605.22
pedestrian 0.109 511.51 374.89 922.73 678.65
pedestrian 0.078 746.86 411.38 803.4 612.91
pedestrian 0.057 737.47 393.49 844.78 652.64
