pedestrian 1.0 1746.17 419.26 1910.79 881.1
pedestrian 1.0 1255.24 426.03 1521.17 946.97
pedestrian 1.0 78.65 273.28 204.3 681.7
pedestrian 1.0 652.06 375.61 815.01 789.45
pedestrian 1.0 1082.23 430.31 1188.17 745.34
pedestrian 1.0 281.77 326.03 377.89 581.16
pedestrian 1.0 998.14 422.55 1129.17 793.63
pedestrian 0.999 1175.19 428.2 1269.62 698.33
pedestrian 0.991 1544.43 423.53 1595.46 540.04
pedestrian 0.959 846.62 420.15 887.81 532.11
pedestrian 0.755 902.35 414.39 944.25 515.32
pedestrian 0.751 1598.7 402.54 1638.94 523.52
pedestrian 0.066 965.42 433.03 1370.78 766.3
