pedestrian 1.0 1246.94 418.1 1390.11 756.06
pedestrian 1.0 744.88 415.73 880.48 767.56
pedestrian 1.0 847.01 386.75 995.35 810.15
pedestrian 1.0 538.46 418.73 652.89 733.04
pedestrian 1.0 669.64 414.31 758.56 690.51
pedestrian 1.0 1075.49 425.42 1166.47 690.95
pedestrian 1.0 302.75 337.13 386.06 583.72
pedestrian 1.0 1172.42 423.4 1269.91 705.25
pedestrian 1.0 199.64 263.85 302.48 646.63
pedestrian 0.766 1563.49 424.37 1611.88 553.52
pedestrian 0.616 616.46 403.49 1038.19 752.41
pedestrian 0.386 1203.57 427.22 1330.54 741.54
pedestrian 0.131 1799.89 407.08 1875.91 562.42
pedestrian 0.052 1875.41 408.11 1920.0 573.73
