pedestrian 1.0 243.1 360.76 411.17 845.79
pedestrian 1.0 1111.61 417.42 1213.73 710.8
pedestrian 1.0 1045.12 418.95 1138.62 701.22
pedestrian 1.0 851.98 423.32 902.54 580.07
pedestrian 0.998 816.64 421.39 863.74 583.33
pedestrian 0.988 102.61 291.34 270.03 852.96
pedestrian 0.987 1784.31 415.78 1842.79 551.63
pedestrian 0.959 1506.56 408.81 1551.62 513.69
pedestrian 0.483 343.31 603.66 628.02 1047.37
pedestrian 0.48 1590.44 422.89 1656.54 533.1
pedestrian 0.183 838.91 425.04 880.49 578.21
pedestrian 0.086 1428.52 429.65 1473.92 566.17
