pedestrian 1.0 47.41 261.17 205.12 650.1
pedestrian 1.0 453.33 376.64 588.04 804.71
pedestrian 1.0 1040.57 418.88 1133.52 697.46
pedestrian 1.0 1110.66 422.48 1208.75 707.57
pedestrian 1.0 651.06 413.28 707.47 578.08
pedestrian 1.0 784.34 422.86 834.56 569.88
pedestrian 1.0 279.3 341.77 378.84 667.61
pedestrian 1.0 737.06 436.82 790.88 575.04
pedestrian 0.981 1608.18 408.13 1655.9 529.31
pedestrian 0.807 1542.1 417.78 1605.07 536.51
pedestrian 0.153 234.15 286.62 313.36 598.89
pedestrian 0.108 1731.91 414.52 1791.83 553.16
