pedestrian 1.0 844.39 381.29 999.0 804.28
pedestrian 1.0 556.97 409.71 696.94 771.95
pedestrian 1.0 43.97 308.41 184.09 635.92
pedestrian 1.0 1059.05 431.55 1148.15 691.62
pedestrian 1.0 192.57 269.17 311.09 641.64
pedestrian 1.0 484.22 394.3 573.99 664.56
pedestrian 1.0 1135.94 424.24 1230.83 715.6
pedestrian 0.996 414.27 364.04 493.88 656.46
pedestrian 0.993 648.32 420.49 740.3 746.03
pedestrian 0.759 16.21 270.73 107.74 610.41
pedestrian 0.484 332.83 342.06 417.39 638.51
pedestrian 0.124 778.77 382.75 864.69 714.94
