pedestrian 1.0 174.9 289.92 283.12 601.47
pedestrian 1.0 754.58 409.11 804.65 553.75
pedestrian 1.0 639.07 425.04 684.83 547.45
pedestrian 0.999 482.32 414.05 541.96 543.61
pedestrian 0.999 1587.92 407.23 1638.72 549.21
pedestrian 0.996 6.93 271.47 102.09 653.81
pedestrian 0.989 423.65 347.93 494.42 535.15
pedestrian 0.949 990.97 431.36 1042.3 528.89
pedestrian 0.58 541.01 427.98 585.69 542.89
pedestrian 0.453 879.27 418.18 917.72 512.63
pedestrian 0.093 864.65 420.05 894.07 500.76
pedestrian 0.084 1540.67 403.93 1591.93 541.62
pedestrian 0.072 810.7 406.16 841.33 499.27
