pedestrian 1.0 1356.51 415.19 1446.55 677.54
pedestrian 1.0 262.33 321.3 355.38 586.99
pedestrian 1.0 1473.84 414.82 1569.2 633.9
pedestrian 1.0 595.61 416.11 639.47 551.59
pedestrian 1.0 1586.04 398.91 1685.66 650.96
pedestrian 1.0 1254.07 401.32 1329.89 646.45
pedestrian 1.0 182.19 316.99 262.87 584.52
pedestrian 1.0 6.09 301.21 171.02 1033.86
pedestrian 1.0 942.41 412.62 996.34 562.2
pedestrian 0.999 700.58 410.3 745.07 531.08
pedestrian 0.917 1853.92 415.82 1905.84 573.3
pedestrian 0.903 649.19 407.49 697.13 547.15
pedestrian 0.086 848.09 417.48 882.77 514.29
