pedestrian 1.0 632.8 374.64 770.28 724.43
pedestrian 1.0 242.06 344.68 362.3 672.55
pedestrian 1.0 751.81 367.62 853.18 653.53
pedestrian 1.0 847.01 355.63 941.83 642.18
pedestrian 1.0 1602.33 283.13 1679.16 507.58
pedestrian 1.0 1669.66 302.89 1735.5 515.99
pedestrian 1.0 955.66 332.3 1082.18 658.1
pedestrian 1.0 540.53 369.05 612.25 564.54
pedestrian 0.995 479.6 353.24 519.59 455.12
pedestrian 0.878 648.16 356.05 1133.28 656.83
pedestrian 0.715 919.52 323.36 970.02 458.62
pedestrian 0.277 1311.97 300.83 1367.67 422.41
pedestrian 0.17 118.52 358.43 200.33 615.35
