pedestrian 1.0 1422.88 289.15 1524.56 586.61
pedestrian 1.0 1107.73 335.03 1193.82 632.82
pedestrian 1.0 1313.88 316.56 1412.26 614.05
pedestrian 1.0 1221.5 313.11 1333.27 606.73
pedestrian 1.0 1498.1 284.29 1584.24 575.56
pedestrian 0.999 1174.0 311.21 1257.49 603.68
pedestrian 0.963 989.38 331.06 1042.7 469.09
pedestrian 0.902 1208.93 311.99 1285.89 592.24
pedestrian 0.486 1015.86 319.68 1479.65 615.05
pedestrian 0.338 1146.96 301.53 1641.93 595.51
pedestrian 0.297 878.35 325.19 919.14 427.96
