pedestrian 1.0 150.12 349.95 249.35 608.44
pedestrian 1.0 1035.72 326.47 1100.78 524.66
pedestrian 1.0 257.76 370.2 329.5 573.15
pedestrian 1.0 404.48 348.05 484.46 586.76
pedestrian 1.0 544.1 370.29 615.22 560.65
pedestrian 1.0 1613.85 273.1 1682.22 511.05
pedestrian 1.0 302.74 376.43 374.74 595.43
pedestrian 0.996 1423.25 302.05 1485.43 491.56
pedestrian 0.994 495.79 343.28 545.57 475.99
pedestrian 0.991 1387.98 298.1 1460.57 505.16
pedestrian 0.902 1190.12 321.35 1244.83 443.97
pedestrian 0.139 1300.57 302.92 1354.57 420.28
