pedestrian 1.0 1375.3 342.88 1472.37 629.49
pedestrian 1.0 988.56 322.67 1035.77 458.66
pedestrian 1.0 207.08 348.72 293.49 592.87
pedestrian 1.0 155.61 365.04 229.92 597.46
pedestrian 0.992 272.21 341.46 331.66 579.69
pedestrian 0.947 573.14 352.19 637.91 491.28
pedestrian 0.924 437.67 354.11 482.8 480.36
pedestrian 0.865 1776.18 271.85 1827.11 386.45
pedestrian 0.853 640.84 356.28 679.79 484.39
pedestrian 0.755 491.58 345.73 543.45 470.37
pedestrian 0.544 362.29 336.44 451.84 612.4
pedestrian 0.081 485.92 346.79 520.34 459.64
pedestrian 0.078 463.02 355.07 499.01 460.03
