pedestrian 1.0 461.56 356.59 560.14 605.78
pedestrian 1.0 1686.52 271.17 1784.3 523.53
pedestrian 1.0 11.83 390.31 107.86 631.41
pedestrian 1.0 116.5 365.5 206.35 593.72
pedestrian 1.0 832.87 343.54 903.95 527.94
pedestrian 1.0 769.04 339.51 842.23 554.36
pedestrian 1.0 346.58 362.07 394.33 483.94
pedestrian 1.0 509.91 349.74 578.4 558.8
pedestrian 1.0 185.75 355.62 276.95 573.18
pedestrian 0.999 1443.96 294.42 1500.78 435.98
pedestrian 0.958 724.07 341.3 792.79 541.44
pedestrian 0.942 1090.26 323.97 1130.25 445.21
pedestrian 0.084 1124.53 318.05 1166.38 426.29
