pedestrian 1.0 10.61 386.69 206.82 808.23
pedestrian 1.0 1546.58 306.65 1653.5 603.3
pedestrian 1.0 443.59 372.85 548.73 693.04
pedestrian 1.0 534.81 374.26 617.55 621.49
pedestrian 1.0 1648.56 295.9 1719.62 519.39
pedestrian 1.0 621.53 349.74 795.26 639.26
pedestrian 1.0 354.33 371.77 403.81 479.23
pedestrian 1.0 405.3 361.2 452.57 487.95
pedestrian 0.995 1173.64 325.97 1232.46 462.62
pedestrian 0.99 1251.01 326.67 1298.38 441.75
pedestrian 0.356 190.27 356.38 292.03 639.58
pedestrian 0.114 922.06 324.82 972.71 434.04
