pedestrian 1.0 1292.96 344.71 1387.41 616.53
pedestrian 1.0 155.54 363.38 227.79 595.15
pedestrian 1.0 269.65 355.27 345.55 580.96
pedestrian 1.0 204.95 348.62 288.82 592.54
pedestrian 1.0 987.86 322.52 1035.56 459.43
pedestrian 0.999 242.37 345.89 323.08 591.1
pedestrian 0.998 355.48 334.55 447.58 607.81
pedestrian 0.942 655.75 348.54 699.2 473.09
pedestrian 0.813 1772.99 271.96 1826.25 385.29
pedestrian 0.518 435.19 348.87 492.69 473.87
pedestrian 0.418 568.25 345.74 617.54 466.91
pedestrian 0.268 507.68 346.14 554.84 461.28
pedestrian 0.165 606.15 349.58 660.85 480.52
pedestrian 0.067 555.95 350.28 682.8 470.41
pedestrian 0.06 600.77 349.96 636.08 470.18
pedestrian 0.056 589.81 349.09 621.38 460.26
pedestrian 0.051 431.51 352.71 466.17 474.32
