pedestrian 1.0 823.88 360.38 931.94 624.41
pedestrian 1.0 1671.57 288.93 1748.01 517.28
pedestrian 1.0 1597.75 269.13 1678.71 505.04
pedestrian 1.0 1419.33 285.93 1502.18 543.86
pedestrian 1.0 634.36 329.99 714.57 571.66
pedestrian 1.0 1448.34 290.63 1526.38 553.23
pedestrian 0.998 507.1 370.76 543.18 490.59
pedestrian 0.995 455.67 352.42 500.45 473.63
pedestrian 0.961 540.33 353.6 589.1 478.65
pedestrian 0.22 585.48 347.01 633.4 476.5
pedestrian 0.201 528.0 359.37 567.16 483.94
pedestrian 0.104 723.4 339.63 786.16 543.54
