pedestrian 1.0 1071.16 348.01 1196.62 701.03
pedestrian 1.0 1473.67 332.94 1688.61 784.41
pedestrian 1.0 808.27 315.02 945.42 736.76
pedestrian 1.0 1605.59 303.33 1681.58 506.08
pedestrian 1.0 540.05 370.99 615.45 563.06
pedestrian 1.0 1665.78 302.3 1734.78 506.93
pedestrian 1.0 1187.31 315.77 1458.76 1048.01
pedestrian 1.0 108.62 373.11 214.12 622.03
pedestrian 0.937 930.2 324.17 973.79 439.14
pedestrian 0.683 1391.59 332.12 1483.8 682.49
pedestrian 0.638 1035.93 344.39 1092.79 469.85
pedestrian 0.527 1173.3 338.21 1292.23 708.85
