pedestrian 1.0 1019.96 320.28 1083.43 507.76
pedestrian 1.0 396.31 346.0 452.46 496.47
pedestrian 1.0 339.15 344.59 391.71 488.54
pedestrian 0.996 210.05 350.74 289.23 594.85
pedestrian 0.996 462.8 345.44 514.33 474.24
pedestrian 0.987 122.09 360.05 201.04 599.23
pedestrian 0.875 571.39 348.44 611.61 459.04
pedestrian 0.743 518.45 344.37 567.57 479.65
pedestrian 0.742 30.94 348.89 134.72 593.64
pedestrian 0.486 935.49 335.97 985.08 445.5
pedestrian 0.264 86.41 347.03 181.0 596.02
pedestrian 0.263 365.36 344.95 599.92 482.41
