pedestrian 1.0 1569.52 297.2 1659.47 512.24
pedestrian 1.0 1296.11 316.9 1368.1 524.17
pedestrian 1.0 360.83 350.62 453.15 604.35
pedestrian 1.0 540.09 364.94 618.8 564.4
pedestrian 1.0 263.59 378.93 346.17 610.89
pedestrian 1.0 145.29 372.63 230.59 610.59
pedestrian 1.0 207.19 373.36 281.37 587.73
pedestrian 0.989 0.0 384.63 132.03 666.96
pedestrian 0.939 1626.45 272.3 1682.32 499.68
pedestrian 0.445 1100.62 333.73 1146.25 460.39
pedestrian 0.153 110.69 378.1 359.32 580.45
pedestrian 0.085 1384.37 305.26 1437.36 448.02
