pedestrian 1.0 301.79 368.16 389.02 595.53
pedestrian 1.0 147.83 350.48 245.23 603.49
pedestrian 1.0 1271.17 307.38 1351.14 507.23
pedestrian 1.0 383.62 346.41 460.12 569.11
pedestrian 1.0 246.49 371.21 323.72 571.98
pedestrian 1.0 1607.95 264.52 1679.02 511.47
pedestrian 1.0 662.48 344.44 726.02 507.91
pedestrian 1.0 547.83 366.61 616.32 563.72
pedestrian 1.0 501.85 354.91 565.07 552.39
pedestrian 0.733 219.28 370.59 454.63 573.28
pedestrian 0.669 1438.57 301.93 1503.51 445.42
pedestrian 0.114 1710.87 288.63 1757.6 419.53
pedestrian 0.071 1096.01 338.2 1142.73 453.33
