pedestrian 1.0 35.83 93.92 88.16 270.37
pedestrian 1.0 204.06 93.47 244.65 243.73
pedestrian 1.0 151.07 101.5 195.97 240.76
pedestrian 1.0 408.09 82.18 441.79 190.26
pedestrian 1.0 284.72 99.06 324.74 249.67
pedestrian 1.0 325.25 102.8 367.44 249.52
pedestrian 1.0 99.2 100.59 152.22 233.21
pedestrian 0.999 246.91 104.84 282.18 232.86
pedestrian 0.964 142.48 99.49 180.25 225.0
pedestrian 0.417 38.47 102.65 335.54 240.19
pedestrian 0.343 304.45 98.33 346.73 253.63
pedestrian 0.128 151.07 101.1 425.96 243.25
