pedestrian 1.0 541.2 114.11 605.59 290.91
pedestrian 1.0 318.75 78.18 366.95 216.23
pedestrian 1.0 478.39 117.6 533.86 298.42
pedestrian 1.0 424.09 105.02 481.55 293.67
pedestrian 1.0 345.4 100.65 405.92 312.43
pedestrian 1.0 597.29 109.61 652.58 278.47
pedestrian 1.0 650.49 99.2 701.54 240.39
pedestrian 1.0 603.06 74.57 648.17 191.55
pedestrian 0.988 637.51 79.45 668.09 177.12
pedestrian 0.93 568.5 79.74 602.73 185.4
pedestrian 0.738 425.39 111.91 679.93 290.27
pedestrian 0.401 488.52 79.44 527.0 177.08
