pedestrian 1.0 540.5 113.92 602.05 290.24
pedestrian 1.0 482.44 119.56 544.8 296.55
pedestrian 1.0 637.84 105.82 686.19 257.91
pedestrian 1.0 351.84 96.18 407.5 309.68
pedestrian 0.999 564.35 74.45 605.3 176.15
pedestrian 0.999 413.11 106.67 475.34 293.94
pedestrian 0.998 592.79 100.97 648.68 307.68
pedestrian 0.963 677.39 88.04 715.71 248.38
pedestrian 0.946 408.04 64.08 452.42 180.99
pedestrian 0.751 407.12 109.47 654.86 292.94
pedestrian 0.58 412.21 73.48 464.01 233.02
pedestrian 0.224 537.84 104.0 688.9 282.28
pedestrian 0.138 555.21 95.63 603.27 214.05
pedestrian 0.073 658.84 96.33 698.9 251.46
