pedestrian 1.0 419.64 123.82 479.06 297.51
pedestrian 1.0 133.13 113.84 203.99 302.77
pedestrian 1.0 617.46 140.49 684.54 356.76
pedestrian 1.0 511.57 123.63 565.25 302.6
pedestrian 1.0 270.67 103.72 338.91 299.35
pedestrian 1.0 218.08 116.98 273.68 286.76
pedestrian 1.0 345.92 108.19 400.04 293.98
pedestrian 1.0 472.19 100.3 527.15 267.3
pedestrian 0.996 574.51 74.86 615.73 187.66
pedestrian 0.609 680.99 67.98 719.9 215.17
pedestrian 0.539 244.83 115.7 501.79 292.28
pedestrian 0.162 364.38 113.61 588.22 293.32
pedestrian 0.142 164.49 112.9 382.36 290.12
