pedestrian 1.0 623.33 123.66 689.88 276.06
pedestrian 1.0 99.62 115.41 173.52 332.86
pedestrian 1.0 466.32 118.66 517.03 271.85
pedestrian 1.0 576.12 70.19 617.38 205.3
pedestrian 1.0 615.01 68.98 660.66 197.15
pedestrian 1.0 535.85 72.14 582.45 201.49
pedestrian 1.0 51.0 97.44 84.41 199.07
pedestrian 0.998 619.58 93.84 677.07 236.67
pedestrian 0.98 477.17 62.29 526.83 185.8
pedestrian 0.926 593.04 72.83 638.22 206.37
pedestrian 0.265 539.07 85.27 699.98 243.15
pedestrian 0.236 680.12 97.95 718.97 226.41
