pedestrian 1.0 414.47 107.89 481.37 291.72
pedestrian 1.0 481.67 116.44 532.8 304.46
pedestrian 1.0 352.84 99.04 408.51 306.4
pedestrian 1.0 468.66 166.28 609.7 493.78
pedestrian 1.0 598.42 107.0 651.4 300.63
pedestrian 1.0 613.32 75.02 649.45 192.12
pedestrian 0.994 542.0 105.48 600.93 273.58
pedestrian 0.901 546.48 70.47 584.24 187.83
pedestrian 0.811 625.18 111.71 672.21 285.71
pedestrian 0.708 404.54 112.03 648.8 291.54
pedestrian 0.412 456.03 112.81 513.89 300.81
pedestrian 0.177 593.52 85.5 644.28 205.17
pedestrian 0.081 521.05 117.67 681.66 301.79
pedestrian 0.061 561.88 80.94 614.59 208.39
pedestrian 0.057 525.17 135.47 602.53 382.15
