pedestrian 1.0 541.56 114.39 604.53 291.96
pedestrian 1.0 481.19 116.04 535.94 297.82
pedestrian 1.0 355.31 73.82 404.26 241.24
pedestrian 1.0 416.36 106.04 479.02 291.57
pedestrian 1.0 500.17 71.7 538.56 177.58
pedestrian 0.998 680.85 107.74 720.0 285.03
pedestrian 0.998 596.2 115.35 654.79 305.11
pedestrian 0.961 565.39 110.86 630.14 295.38
pedestrian 0.637 403.34 116.53 660.23 296.35
pedestrian 0.594 374.21 114.97 397.2 172.26
pedestrian 0.306 623.53 74.77 668.96 225.05
pedestrian 0.119 577.92 73.44 618.59 201.46
pedestrian 0.094 454.6 108.47 513.46 295.92
pedestrian 0.076 347.47 111.59 409.26 170.52
